genomeMap = [0.000000 0.002000 0.004000 0.006000 0.008000 0.010000 0.012000 0.014000 0.016000 0.018000 0.020000 0.022000 0.024000 0.026000 0.028000 0.030000 0.032000 0.034000 0.036000 0.038000 0.058000 0.078000 0.098000 0.118000 0.138000 0.158000 0.178000 0.198000 0.218000 0.238000 0.258000 0.278000 0.298000 0.318000 0.338000 0.358000 0.378000 0.398000 0.418000 0.438000 ];

regionMembership = [0 0 0 0 0 0 0 0 0 0 0 0 0 0 0 0 0 0 0 0 1 1 1 1 1 1 1 1 1 1 1 1 1 1 1 1 1 1 1 1 ];

windowMembership = [0 0 0 0 0 0 0 0 0 0 1 1 1 1 1 1 1 1 1 1 2 2 2 2 2 2 2 2 2 2 3 3 3 3 3 3 3 3 3 3 ];

regionFlags = [1 0 0 0 0 0 0 0 0 0 0 0 0 0 0 0 0 0 0 2 1 0 0 0 0 0 0 0 0 0 0 0 0 0 0 0 0 0 0 2 ];

windowFlags = [1 0 0 0 0 0 0 0 0 2 1 0 0 0 0 0 0 0 0 2 1 0 0 0 0 0 0 0 0 2 1 0 0 0 0 0 0 0 0 2 ];
